1160 80 1160 80 840 80 80 40 20
1160 80 1160 80 840 80 80 40 20
1160 80 1160 80 840 80 80 40 20
1160 80 1160 80 840 80 80 40 20
1160 80 1160 80 840 80 80 40 20
2320 120 2320 120 2320 -80 80 40 20
2480 120 2480 120 2480 -80 80 40 20
2640 120 2640 120 2640 -80 80 40 20
2800 120 2800 120 2800 -80 80 40 20
2800 120 2800 120 2800 -80 80 40 20
5480 -560 5480 -560 5720 -560 80 40 20
5720 -560 5720 -560 5480 -560 80 40 20
5720 -560 5720 -560 5480 -560 80 40 20
8800 640 8800 640 8800 -160 240 40 20
8800 640 8800 640 8800 -160 240 40 20
