-280 0 40 240
-280 80 40 240
-280 160 40 240
-280 240 40 240
-280 320 40 240
-280 400 40 240
-280 480 40 240
-280 560 40 240
-280 640 40 240
-280 720 40 240
-280 800 40 240
40 840 40 240
40 920 40 240
40 1080 40 240
40 1160 40 240
40 1240 40 240
40 1320 40 240
40 1400 40 240
40 1480 40 240
40 1560 40 240
80 1000 40 240
120 440 40 240
120 520 40 240
120 600 40 240
120 680 40 240
120 760 40 240
320 -480 40 840
320 -400 40 840
320 -320 40 840
320 -240 40 840
320 -160 40 840
320 -80 40 840
480 1560 40 240
520 200 40 240
520 280 40 240
520 360 40 240
520 440 40 240
520 520 40 240
520 600 40 240
520 680 40 240
520 760 40 240
520 840 40 240
520 920 40 240
520 1000 40 240
520 1080 40 240
520 1160 40 240
520 1240 40 240
520 1320 40 240
520 1400 40 240
520 1480 40 240
520 1560 40 240
520 1640 40 240
520 1720 40 240
1000 200 40 240
1000 280 40 240
1000 360 40 240
1000 440 40 240
1000 520 40 240
1000 600 40 240
1000 680 40 240
1000 760 40 240
1000 840 40 240
1000 840 40 240
1600 -560 40 440
1600 -480 40 440
1600 -400 40 440
1600 -320 40 440
1600 -240 40 440
1600 -160 40 440
1600 -80 40 440
1800 200 40 240
1800 280 40 240
1800 360 40 240
1800 440 40 240
1800 520 40 240
1800 600 40 240
1800 680 40 240
1800 760 40 240
1800 840 40 240
1800 920 40 240
1800 1000 40 240
1800 1080 40 240
1800 1160 40 240
1800 1240 40 240
1800 1320 40 240
1800 1400 40 240
1800 1480 40 240
1800 1560 40 240
1800 1560 40 240
1800 1560 40 240
1800 1560 40 240
2240 -560 40 640
2240 -480 40 640
2240 -400 40 640
2240 -320 40 640
2280 -240 40 640
2320 200 40 280
2320 280 40 280
2320 360 40 280
2320 440 40 280
2320 520 40 280
2320 600 40 280
2320 680 40 280
3000 -240 40 640
3080 -320 40 640
3120 200 40 520
3120 280 40 520
3120 360 40 520
3120 440 40 520
3120 520 40 520
3120 600 40 520
3120 680 40 520
3120 680 40 520
3160 -400 40 640
3240 -480 40 640
3320 -560 40 640
3400 -640 40 640
3480 -720 40 640
3560 -800 40 640
4280 200 40 640
4280 280 40 640
4280 360 40 640
4280 440 40 640
4280 520 40 640
6880 -1280 40 80
6880 -1200 40 80
6880 -1120 40 80
6880 -1040 40 80
6880 -960 40 80
6880 -880 40 80
7480 -1040 40 560
7520 -1280 40 560
7520 -1200 40 560
7520 -1120 40 560
7520 -1040 40 560
7520 -960 40 560
7520 -880 40 560
7520 -880 40 560
8120 0 40 440
8120 80 40 440
8120 160 40 440
8120 240 40 440
8120 320 40 440
8120 400 40 440
8120 480 40 440
8120 560 40 440
8120 640 40 440
8120 720 40 440
8120 800 40 440
8120 880 40 440
8120 960 40 440
8120 1040 40 440
8120 1120 40 440
8120 1200 40 440
8120 1280 40 440
8120 1360 40 440
8120 1440 40 440
8160 1520 40 440
8520 -1280 40 440
8520 -1200 40 440
8520 -1120 40 440
8520 -1040 40 440
8520 -960 40 440
8520 -880 40 440
8520 -800 40 440
8600 -720 40 440
8680 -640 40 440
8760 -560 40 440
9480 -480 40 440
9480 -400 40 440
9480 -320 40 440
9480 -240 40 440
9480 -160 40 440
9480 -80 40 440
9480 0 40 440
9480 80 40 440
9480 160 40 440
9480 240 40 440
9480 320 40 440
9480 400 40 440
9480 480 40 440
9480 560 40 440
9480 640 40 440
9480 720 40 440
10320 800 40 440
10320 880 40 440
10320 960 40 440
10320 1040 40 440
10320 1120 40 440
10320 1200 40 440
10320 1280 40 440
10320 1360 40 440
10320 1440 40 440
10320 1520 40 440
10320 1600 40 440
10360 0 40 440
10360 80 40 440
10360 160 40 440
10360 240 40 440
10360 320 40 440
10360 400 40 440
10360 480 40 440
10360 560 40 440
10360 640 40 440
10360 720 40 440
10360 960 40 440
10360 960 40 440
