0 0 40 40
0 0 40 40
0 0 40 40
0 0 40 40
0 0 40 40
0 0 40 40
0 0 40 40
0 0 40 40
240 0 40 200
400 200 40 120
640 0 40 200
760 200 40 480
1000 920 40 240
1040 0 40 200
1320 200 40 80
1320 680 40 80
1440 0 40 200
1480 440 40 80
1800 200 40 240
1840 0 40 200
1840 0 40 200
1840 0 40 200
1840 0 40 200
1840 0 40 200
2160 -160 40 120
2200 200 40 640
2400 -160 40 120
2640 -160 40 120
2880 -160 40 120
2880 -160 40 120
3160 -160 40 160
3480 -160 40 160
3680 -240 40 40
3760 -320 40 40
3840 -400 40 40
3920 -480 40 40
4000 -560 40 40
4080 -640 40 40
4160 -720 40 40
4240 -800 40 40
4760 -800 40 480
5720 -800 40 480
5920 -400 40 40
6160 -560 40 40
6680 -800 40 480
7600 -800 40 480
7600 -800 40 480
8120 -720 40 40
8200 -640 40 40
8280 -560 40 40
8360 -480 40 40
8600 -480 40 200
8680 0 40 120
8680 480 40 120
8920 -480 40 120
8920 -240 40 120
8920 240 40 120
8920 720 40 120
9480 800 40 440
9480 800 40 440
